Time,AccelerationX [m/s2],AccelerationY [m/s2],AccelerationZ [m/s2],Celsius [deg]
15:56:36,4.31,3.88,-10.04,28.5
15:56:36,1.67,-2.07,-14.22,28.5
15:56:36,-5.06,-3.24,-11.05,28.5
15:56:36,-3.26,0.32,-6.32,28.5
15:56:36,1.75,3.51,-4.85,28.5
15:56:36,2.96,4.12,-9.42,28.5
15:56:36,-0.44,-3.97,-13.01,28.5
15:56:36,-5.43,-2.55,-10.14,28.5
15:56:36,-4.16,1.95,-4.35,28.5
15:56:36,4.70,3.92,-8.61,28.5
15:56:36,1.47,1.56,-12.45,28.5
15:56:36,-3.87,-5.06,-13.21,28.5
15:56:36,-3.59,-2.25,-10.10,28.5
15:56:36,-2.32,2.57,-3.97,28.5
15:56:36,4.27,3.84,-10.14,28.5
15:56:36,1.62,-2.10,-14.37,28.5
15:56:36,-5.12,-3.08,-11.17,28.5
15:56:36,-3.30,0.35,-6.15,28.5
15:56:36,1.73,3.44,-4.87,28.5
15:56:36,2.82,4.14,-9.52,28.5
15:56:36,-0.43,-4.06,-13.03,28.5
15:56:36,-4.63,-2.32,-9.83,28.5
15:56:36,-3.79,2.45,-3.71,28.5
15:56:36,4.90,3.97,-9.46,28.5
15:56:36,1.44,-0.22,-13.71,28.5
15:56:36,-4.49,-4.11,-12.07,28.5
15:56:36,-3.14,-1.28,-8.79,28.5
15:56:36,-0.43,2.86,-4.31,28.5
15:56:36,3.68,3.82,-10.01,28.5
15:56:36,1.18,-3.17,-14.06,28.5
15:56:36,-5.63,-3.19,-11.23,28.5
15:56:36,-3.71,1.27,-5.14,28.5
15:56:36,3.54,3.66,-6.55,28.5
15:56:36,2.00,3.41,-10.74,28.5
15:56:36,-2.33,-4.90,-13.05,28.5
15:56:36,-4.50,-2.29,-9.89,28.5
15:56:36,-3.81,2.49,-3.62,28.5
15:56:36,4.82,3.94,-9.56,28.5
15:56:36,1.46,-0.33,-13.67,28.5
15:56:36,-4.52,-4.00,-12.02,28.5
15:56:36,-3.16,-1.30,-8.56,28.5
15:56:36,-0.45,2.83,-4.29,28.5
15:56:36,3.66,3.82,-9.86,28.5
15:56:36,1.16,-3.38,-14.00,28.5
15:56:36,-5.65,-3.17,-11.22,28.5
15:56:36,-3.89,1.28,-5.11,28.5
15:56:36,3.49,3.64,-6.76,28.5
15:56:36,2.02,3.15,-10.78,28.5
15:56:36,-2.47,-4.99,-13.06,28.5
15:56:36,-4.51,-2.34,-9.96,28.5
15:56:36,-3.66,2.50,-3.61,28.5
15:56:36,4.99,4.05,-9.58,28.5
15:56:36,1.45,-0.45,-13.84,28.5
15:56:36,-5.28,-3.21,-11.12,28.5
15:56:36,-3.26,0.26,-6.38,28.5
15:56:36,1.75,3.44,-4.74,28.5
15:56:36,2.97,4.22,-9.42,28.5
15:56:36,-0.35,-4.13,-12.96,28.5
15:56:36,-5.42,-2.59,-10.17,28.5
15:56:36,-4.11,1.88,-4.34,28.5
15:56:36,4.58,3.93,-8.57,28.5
15:56:36,1.44,1.56,-12.44,28.5
15:56:36,-3.84,-5.08,-13.08,28.5
15:56:36,-3.59,-2.32,-10.30,28.5
15:56:36,-2.34,2.59,-3.93,28.5
15:56:36,4.16,3.90,-10.09,28.5
15:56:36,1.69,-2.05,-14.34,28.5
15:56:36,-5.12,-3.03,-11.04,28.5
15:56:36,-3.30,0.37,-6.16,28.5
15:56:36,1.88,3.39,-4.79,28.5
15:56:36,2.83,4.21,-9.51,28.5
15:56:36,-0.53,-4.18,-13.01,28.5
15:56:36,-5.44,-2.61,-10.21,28.5
15:56:36,-4.19,1.88,-4.28,28.5
15:56:36,4.60,3.87,-8.61,28.5
15:56:36,1.46,1.39,-12.52,28.5
15:56:37,-3.89,-5.12,-13.25,28.5
15:56:37,-3.60,-2.22,-10.17,28.5
15:56:37,-2.20,2.58,-3.94,28.5
15:56:37,4.16,3.78,-10.09,28.5
15:56:37,1.58,-2.28,-14.30,28.5
15:56:37,-5.15,-3.18,-11.04,28.5
15:56:37,-3.15,0.46,-6.02,28.5
15:56:37,1.96,3.49,-4.99,28.5
15:56:37,2.89,4.26,-9.60,28.5
15:56:37,-0.61,-5.47,-12.87,28.5
15:56:37,-4.65,-2.44,-9.79,28.5
15:56:37,-3.79,2.32,-3.58,28.5
15:56:37,4.83,4.02,-9.50,28.5
15:56:37,1.44,-0.25,-13.76,28.5
15:56:37,-4.57,-4.06,-12.08,28.5
15:56:37,-3.21,-1.18,-8.69,28.5
15:56:37,-0.48,2.87,-4.20,28.5
15:56:37,3.53,3.85,-9.79,28.5
15:56:37,1.28,-3.27,-13.94,28.5
15:56:37,-5.62,-3.13,-11.30,28.5
15:56:37,-3.72,1.18,-5.10,28.5
15:56:37,3.46,3.60,-6.54,28.5
15:56:37,2.09,3.28,-10.67,28.5
15:56:37,-2.29,-4.97,-13.02,28.5
15:56:37,-4.57,-2.39,-9.74,28.5
15:56:37,-3.90,2.42,-3.65,28.5
15:56:37,4.89,3.99,-9.43,28.5
15:56:37,1.45,-0.41,-13.74,28.5
15:56:37,-4.60,-3.98,-12.09,28.5
15:56:37,-3.05,-1.24,-8.64,28.5
15:56:37,-0.40,2.83,-4.28,28.5
15:56:37,3.53,3.85,-9.92,28.5
15:56:37,1.24,-3.30,-13.97,28.5
15:56:37,-5.68,-3.10,-11.36,28.5
15:56:37,-3.79,1.24,-5.06,28.5
15:56:37,3.50,3.69,-6.78,28.5
15:56:37,2.10,3.23,-10.71,28.5
15:56:37,-2.42,-5.02,-12.95,28.5
15:56:37,-4.48,-2.40,-10.43,28.5
15:56:37,-2.57,2.54,-3.92,28.5
15:56:37,4.25,3.80,-9.93,28.5
15:56:37,1.58,-1.98,-14.49,28.5
15:56:37,-5.23,-3.13,-11.12,28.5
15:56:37,-3.18,0.27,-6.39,28.5
15:56:37,1.62,3.47,-4.85,28.5
15:56:37,2.91,4.36,-9.17,28.5
15:56:37,-0.25,-4.06,-13.00,28.5
15:56:37,-5.45,-2.68,-10.38,28.5
15:56:37,-4.19,1.89,-4.49,28.5
15:56:37,4.65,3.80,-8.45,28.5
15:56:37,1.50,1.57,-12.59,28.5
15:56:37,-3.81,-5.10,-13.35,28.5
15:56:37,-3.53,-2.40,-10.15,28.5
15:56:37,-2.32,2.56,-3.85,28.5
15:56:37,4.17,3.91,-10.08,28.5
15:56:37,1.59,-1.98,-14.26,28.5
15:56:37,-5.12,-3.21,-11.20,28.5
15:56:37,-3.27,0.32,-6.24,28.5
15:56:37,1.66,3.51,-4.88,28.5
15:56:37,2.93,4.25,-9.32,28.5
15:56:37,-0.32,-4.01,-12.83,28.5
15:56:37,-5.48,-2.61,-10.25,28.5
15:56:37,-4.16,1.93,-4.50,28.5
15:56:37,4.65,3.91,-8.48,28.5
15:56:37,1.41,1.61,-12.40,28.5
15:56:37,-3.85,-5.18,-13.47,28.5
15:56:37,-3.61,-2.29,-10.23,28.5
15:56:37,-2.38,2.61,-3.93,28.5
15:56:37,4.16,3.72,-10.11,28.5
15:56:37,1.61,-3.21,-14.27,28.5
15:56:37,-5.56,-3.15,-11.29,28.5
15:56:37,-3.57,1.11,-5.10,28.5
15:56:37,3.30,3.67,-6.37,28.5
15:56:37,2.13,3.54,-10.51,28.5
15:56:37,-2.11,-4.82,-12.87,28.5
15:56:37,-4.66,-2.30,-9.83,28.5
15:56:37,-3.93,2.30,-3.67,28.5
15:56:37,4.90,4.01,-9.38,28.5
15:56:37,1.38,-0.29,-13.71,28.5
15:56:37,-4.56,-4.14,-12.09,28.5
15:56:37,-3.18,-1.46,-8.76,28.5
15:56:37,-0.45,2.86,-4.35,28.5
15:56:37,3.58,3.87,-9.98,28.5
15:56:37,1.18,-3.33,-14.11,28.5
15:56:37,-5.58,-3.19,-11.30,28.5
15:56:37,-3.86,1.17,-5.07,28.5
15:56:37,3.55,3.65,-6.78,28.5
15:56:37,2.02,3.22,-10.76,28.5
15:56:37,-2.35,-4.98,-12.94,28.5
15:56:37,-4.47,-2.24,-9.83,28.5
15:56:37,-3.66,2.49,-3.58,28.5
15:56:37,4.90,3.98,-9.44,28.5
15:56:37,1.38,-0.44,-13.78,28.5
15:56:37,-4.58,-3.91,-12.03,28.5
15:56:37,-3.19,-1.08,-8.37,28.5
15:56:37,-0.18,2.90,-4.35,28.5
15:56:37,3.50,3.89,-9.79,28.5
15:56:37,1.08,-3.47,-13.85,28.5
15:56:37,-5.67,-3.13,-11.26,28.5
15:56:37,-3.86,1.38,-5.09,28.5
15:56:37,3.63,3.62,-6.90,28.5
15:56:37,1.91,3.09,-10.93,28.5
15:56:37,-2.50,-5.01,-12.96,28.5
15:56:37,-4.29,-2.35,-9.84,28.5
15:56:37,-3.58,2.42,-3.66,28.5
15:56:37,4.82,4.10,-9.65,28.5
15:56:37,1.55,-1.98,-14.42,28.5
15:56:37,-5.18,-3.01,-11.13,28.5
15:56:37,-3.27,0.31,-6.36,28.5
15:56:37,1.77,3.43,-4.90,28.5
15:56:37,2.89,4.20,-9.52,28.5
15:56:37,-0.47,-4.11,-13.07,28.5
15:56:37,-5.43,-2.55,-10.10,28.5
15:56:37,-4.22,2.01,-4.30,28.5
15:56:37,4.79,3.94,-8.63,28.5
15:56:37,1.50,1.49,-12.42,28.5
15:56:37,-3.93,-5.03,-13.15,28.5
15:56:37,-3.47,-2.34,-10.21,28.5
15:56:37,-2.14,2.63,-3.88,28.5
15:56:37,4.13,3.86,-10.16,28.5
15:56:37,1.65,-2.23,-14.45,28.5
15:56:37,-5.21,-3.07,-11.11,28.5
15:56:37,-3.23,0.49,-6.12,28.5
15:56:37,2.02,3.50,-4.99,28.5
15:56:37,2.77,4.16,-9.51,28.5
15:56:37,-0.71,-4.14,-13.02,28.5
15:56:37,-5.39,-2.62,-10.03,28.5
15:56:37,-4.21,1.91,-4.20,28.5
15:56:37,4.86,3.99,-8.75,28.5
15:56:37,1.39,1.25,-12.63,28.5
15:56:37,-4.06,-4.93,-13.06,28.5
15:56:37,-3.41,-2.28,-10.06,28.5
15:56:37,-2.05,2.68,-4.01,28.5
15:56:37,3.97,3.79,-10.12,28.5
15:56:37,1.64,-2.42,-14.42,28.5
15:56:37,-5.30,-3.17,-11.19,28.5
15:56:37,-3.34,0.59,-5.86,28.5
15:56:37,2.28,3.54,-5.27,28.5
15:56:37,2.65,3.47,-10.82,28.5
15:56:37,-2.58,-5.09,-13.13,28.5
15:56:37,-4.35,-2.21,-9.93,28.5
15:56:37,-3.60,2.41,-3.60,28.5
15:56:37,4.85,3.98,-9.63,28.5
15:56:37,1.48,-0.56,-13.93,28.5
15:56:37,-4.59,-3.88,-11.82,28.5
15:56:37,-3.18,-1.02,-8.08,28.5
15:56:37,-0.06,2.98,-4.38,28.5
15:56:37,3.55,3.98,-9.69,28.5
15:56:37,0.95,-3.49,-13.76,28.5
15:56:37,-5.62,-3.03,-11.11,28.5
15:56:37,-3.90,1.32,-4.89,28.5
15:56:37,3.77,3.76,-7.12,28.5
15:56:37,1.85,2.85,-11.25,28.5
15:56:37,-2.75,-5.09,-13.09,28.5
15:56:37,-4.28,-2.28,-10.07,28.5
15:56:37,-3.48,2.53,-3.57,28.5
15:56:37,4.76,4.00,-9.62,28.5
15:56:37,1.49,-0.83,-13.93,28.5
15:56:37,-4.79,-3.80,-11.64,28.5
15:56:37,-3.09,-0.74,-7.92,28.5
15:56:37,0.17,3.04,-4.28,28.5
15:56:37,3.31,4.03,-9.55,28.5
15:56:37,0.83,-3.48,-13.75,28.5
15:56:37,-5.70,-3.08,-11.00,28.5
15:56:37,-3.87,1.37,-4.88,28.5
15:56:37,3.99,3.76,-7.28,28.5
15:56:37,1.84,2.77,-11.34,28.5
15:56:37,-2.98,-5.14,-13.26,28.5
15:56:37,-4.08,-2.36,-9.98,28.5
15:56:37,-3.39,2.48,-3.67,28.5
15:56:37,4.65,4.02,-9.86,28.5
15:56:37,1.60,-2.48,-14.50,28.5
15:56:37,-5.29,-3.20,-11.03,28.5
15:56:37,-3.38,0.68,-5.96,28.5
15:56:37,2.20,3.58,-5.16,28.5
15:56:37,2.79,4.05,-9.57,28.5
15:56:37,-0.85,-4.29,-12.97,28.5
15:56:37,-5.24,-2.44,-9.88,28.5
15:56:37,-4.23,2.03,-4.18,28.5
15:56:37,4.78,3.93,-8.83,28.5
15:56:37,1.42,1.09,-12.72,28.5
15:56:37,-4.10,-4.88,-12.96,28.5
15:56:37,-3.40,-2.15,-10.10,28.5
15:56:37,-1.67,2.62,-4.15,28.5
15:56:37,4.13,3.78,-10.16,28.5
15:56:37,1.68,-2.46,-14.47,28.5
15:56:37,-5.25,-3.07,-11.23,28.5
15:56:37,-3.39,0.63,-5.73,28.5
15:56:37,2.27,3.44,-5.31,28.5
15:56:37,2.65,4.02,-9.71,28.5
15:56:37,-0.90,-4.47,-12.83,28.5
15:56:37,-5.13,-2.42,-9.89,28.5
15:56:37,-4.15,2.12,-4.11,28.5
15:56:37,4.80,4.03,-8.83,28.5
15:56:37,1.35,0.99,-12.94,28.5
15:56:37,-4.13,-4.95,-13.02,28.5
15:56:37,-3.44,-2.15,-9.96,28.5
15:56:37,-2.00,2.52,-4.14,28.5
15:56:37,3.97,3.62,-10.15,28.5
15:56:37,1.68,-2.46,-14.41,28.5
15:56:37,-5.28,-3.05,-11.12,28.5
15:56:37,-3.96,1.40,-4.91,28.5
15:56:37,3.72,3.71,-7.03,28.5
15:56:37,1.90,3.00,-11.09,28.5
15:56:37,-2.62,-5.12,-13.07,28.5
15:56:37,-4.33,-2.41,-9.95,28.5
15:56:37,-3.62,2.58,-3.55,28.5
15:56:37,4.79,4.02,-9.58,28.5
15:56:37,1.44,-0.68,-13.91,28.5
15:56:37,-4.61,-3.83,-11.65,28.5
15:56:37,-3.18,-0.96,-8.14,28.5
15:56:37,0.09,3.02,-4.30,28.5
15:56:37,3.47,3.93,-9.78,28.5
15:56:37,0.84,-3.39,-13.82,28.5
15:56:37,-5.66,-3.06,-11.10,28.5
15:56:37,-3.87,1.28,-5.04,28.5
15:56:37,3.68,3.74,-7.08,28.5
15:56:37,1.91,2.97,-11.23,28.5
15:56:37,-2.72,-5.14,-13.13,28.5
15:56:37,-4.23,-2.25,-9.93,28.5
15:56:37,-3.56,2.53,-3.50,28.5
15:56:37,4.73,3.97,-9.62,28.5
15:56:37,1.57,-0.75,-13.99,28.5
15:56:37,-4.71,-3.73,-11.68,28.5
15:56:37,-3.15,-0.90,-8.03,28.5
15:56:37,0.16,2.94,-4.29,28.5
15:56:37,3.51,4.00,-9.62,28.5
15:56:37,0.82,-3.44,-13.64,28.5
15:56:37,-5.74,-3.05,-11.03,28.5
15:56:37,-3.92,1.41,-4.89,28.5
15:56:37,3.79,3.80,-7.26,28.5
15:56:37,1.38,1.45,-12.61,28.5
15:56:38,-3.97,-5.04,-12.90,28.5
15:56:38,-3.54,-2.30,-10.12,28.5
15:56:38,-2.23,2.62,-4.07,28.5
15:56:38,4.09,3.71,-10.14,28.5
15:56:38,1.57,-2.31,-14.37,28.5
15:56:38,-5.09,-3.09,-11.17,28.5
15:56:38,-3.32,0.50,-5.90,28.5
15:56:38,2.08,3.54,-5.07,28.5
15:56:38,2.79,4.18,-9.52,28.5
15:56:38,-0.66,-4.27,-12.88,28.5
15:56:38,-5.40,-2.57,-10.04,28.5
15:56:38,-4.18,2.06,-4.19,28.5
15:56:38,4.71,4.02,-8.76,28.5
15:56:38,1.38,1.17,-12.61,28.5
15:56:38,-4.07,-5.03,-12.95,28.5
15:56:38,-3.50,-2.23,-10.12,28.5
15:56:38,-2.06,2.52,-4.03,28.5
15:56:38,4.04,3.77,-10.12,28.5
15:56:38,1.63,-2.32,-14.56,28.5
15:56:38,-5.22,-3.17,-11.08,28.5
15:56:38,-3.37,0.55,-5.86,28.5
15:56:38,2.17,3.48,-5.11,28.5
15:56:38,2.78,4.15,-9.64,28.5
15:56:38,-0.81,-4.40,-13.05,28.5
15:56:38,-5.26,-2.48,-9.82,28.5
15:56:38,-4.21,2.15,-4.07,28.5
15:56:38,4.75,3.98,-8.91,28.5
15:56:38,1.39,1.05,-12.80,28.5
15:56:38,-4.23,-3.72,-11.71,28.5
15:56:38,-3.02,-0.96,-8.24,28.5
15:56:38,-0.03,2.99,-4.27,28.5
15:56:38,3.51,4.00,-9.58,28.5
15:56:38,1.02,-3.49,-13.82,28.5
15:56:38,-5.68,-3.07,-11.16,28.5
15:56:38,-3.88,1.26,-4.86,28.5
15:56:38,3.76,3.67,-7.10,28.5
15:56:38,1.80,2.90,-11.11,28.5
15:56:38,-2.74,-5.11,-12.95,28.5
15:56:38,-4.23,-2.36,-9.97,28.5
15:56:38,-3.42,2.41,-3.57,28.5
15:56:38,4.70,3.88,-9.63,28.5
15:56:38,1.47,-0.85,-14.06,28.5
15:56:38,-4.72,-3.75,-11.63,28.5
15:56:38,-3.12,-0.77,-7.86,28.5
15:56:38,0.25,3.02,-4.41,28.5
15:56:38,3.48,4.04,-9.64,28.5
15:56:38,0.83,-3.54,-13.70,28.5
15:56:38,-5.81,-3.02,-11.03,28.5
15:56:38,-3.79,1.37,-4.92,28.5
15:56:38,3.83,3.69,-7.37,28.5
15:56:38,1.80,2.80,-11.34,28.5
15:56:38,-3.00,-5.08,-13.01,28.5
15:56:38,-4.21,-2.42,-10.07,28.5
15:56:38,-3.31,2.59,-3.57,28.5
15:56:38,4.70,3.98,-9.71,28.5
15:56:38,1.48,-0.99,-14.07,28.5
15:56:38,-4.74,-3.53,-11.50,28.5
15:56:38,-3.14,-0.56,-7.44,28.5
15:56:38,0.55,3.15,-4.44,28.5
15:56:38,3.38,4.22,-9.49,28.5
15:56:38,0.60,-3.67,-13.53,28.5
15:56:38,-5.64,-2.98,-10.24,28.5
15:56:38,-4.23,2.06,-3.99,28.5
15:56:38,4.79,3.88,-8.93,28.5
15:56:38,1.41,0.92,-12.94,28.5
15:56:38,-4.27,-4.94,-12.89,28.5
15:56:38,-3.30,-2.16,-9.98,28.5
15:56:38,-1.66,2.59,-4.13,28.5
15:56:38,4.09,3.70,-10.11,28.5
15:56:38,1.68,-2.65,-14.48,28.5
15:56:38,-5.36,-3.11,-11.19,28.5
15:56:38,-3.44,0.73,-5.69,28.5
15:56:38,2.41,3.57,-5.45,28.5
15:56:38,2.52,4.03,-9.72,28.5
15:56:38,-1.18,-4.46,-12.78,28.5
15:56:38,-5.13,-2.34,-9.82,28.5
15:56:38,-4.21,2.17,-3.93,28.5
15:56:38,4.82,4.02,-8.99,28.5
15:56:38,1.44,0.90,-13.07,28.5
15:56:38,-4.28,-4.78,-12.75,28.5
15:56:38,-3.36,-1.94,-9.73,28.5
15:56:38,-1.49,2.61,-4.34,28.5
15:56:38,3.92,3.77,-10.19,28.5
15:56:38,1.49,-2.78,-14.33,28.5
15:56:38,-5.32,-3.16,-11.31,28.5
15:56:38,-3.57,0.91,-5.50,28.5
15:56:38,2.62,3.60,-5.69,28.5
15:56:38,2.58,3.83,-10.00,28.5
15:56:38,-1.45,-4.61,-12.84,28.5
15:56:38,-4.98,-2.29,-9.78,28.5
15:56:38,-4.12,2.18,-3.82,28.5
15:56:38,4.92,3.88,-9.13,28.5
15:56:38,1.19,0.54,-13.29,28.5
15:56:38,-4.32,-4.77,-12.54,28.5
15:56:38,-3.30,-1.86,-9.52,28.5
15:56:38,-1.52,2.56,-4.19,28.5
15:56:38,3.11,4.28,-9.50,28.5
15:56:38,0.60,-3.51,-13.55,28.5
15:56:38,-5.61,-3.03,-10.95,28.5
15:56:38,-4.02,1.41,-4.82,28.5
15:56:38,4.12,3.85,-7.71,28.5
15:56:38,1.70,2.61,-11.59,28.5
15:56:38,-3.06,-5.16,-13.08,28.5
15:56:38,-4.06,-2.30,-10.17,28.5
15:56:38,-3.23,2.49,-3.63,28.5
15:56:38,4.61,3.95,-9.76,28.5
15:56:38,1.44,-1.12,-14.21,28.5
15:56:38,-4.77,-3.45,-11.45,28.5
15:56:38,-3.07,-0.45,-7.29,28.5
15:56:38,0.56,3.20,-4.41,28.5
15:56:38,3.35,4.13,-9.49,28.5
15:56:38,0.52,-3.63,-13.39,28.5
15:56:38,-5.61,-2.96,-10.84,28.5
15:56:38,-4.18,1.52,-4.73,28.5
15:56:38,4.15,3.72,-7.62,28.5
15:56:38,1.68,2.56,-11.72,28.5
15:56:38,-3.22,-5.19,-13.03,28.5
15:56:38,-3.97,-2.32,-10.13,28.5
15:56:38,-3.06,2.43,-3.70,28.5
15:56:38,4.47,3.97,-9.87,28.5
15:56:38,1.48,-1.31,-14.31,28.5
15:56:38,-4.89,-3.38,-11.38,28.5
15:56:38,-3.13,-0.23,-7.12,28.5
15:56:38,0.84,3.11,-4.53,28.5
15:56:38,3.39,4.23,-9.47,28.5
15:56:38,0.53,-3.79,-13.15,28.5
15:56:38,-5.70,-2.95,-10.84,28.5
15:56:38,-4.15,1.62,-4.62,28.5
15:56:38,4.23,3.82,-7.83,28.5
15:56:38,1.55,2.35,-11.83,28.5
15:56:38,-3.26,-5.20,-13.15,28.5
15:56:38,-3.93,-2.48,-9.48,28.5
15:56:38,-1.52,2.63,-4.24,28.5
15:56:38,3.87,3.63,-10.05,28.5
15:56:38,1.56,-2.75,-14.24,28.5
15:56:38,-5.38,-3.08,-11.17,28.5
15:56:38,-3.41,0.81,-5.46,28.5
15:56:38,2.76,3.55,-5.71,28.5
15:56:38,2.51,3.91,-10.14,28.5
15:56:38,-1.43,-4.67,-12.93,28.5
15:56:38,-4.90,-2.26,-9.80,28.5
15:56:38,-4.03,2.22,-3.88,28.5
15:56:38,4.80,3.91,-9.13,28.5
15:56:38,1.30,0.53,-13.12,28.5
15:56:38,-4.25,-4.55,-12.63,28.5
15:56:38,-3.36,-1.92,-9.43,28.5
15:56:38,-1.30,2.73,-4.19,28.5
15:56:38,3.74,3.76,-10.20,28.5
15:56:38,1.50,-2.82,-14.23,28.5
15:56:38,-5.48,-3.02,-11.22,28.5
15:56:38,-3.45,0.93,-5.40,28.5
15:56:38,2.89,3.62,-5.90,28.5
15:56:38,2.36,3.83,-10.39,28.5
15:56:38,-1.68,-4.77,-12.84,28.5
15:56:38,-4.83,-2.39,-9.74,28.5
15:56:38,-4.05,2.32,-3.80,28.5
15:56:38,4.89,3.97,-9.18,28.5
15:56:38,1.34,0.32,-13.33,28.5
15:56:38,-4.30,-4.39,-12.49,28.5
15:56:38,-3.31,-1.71,-9.32,28.5
15:56:38,-1.12,2.71,-4.27,28.5
15:56:38,3.73,3.80,-10.07,28.5
15:56:38,1.44,-2.85,-14.12,28.5
15:56:38,-5.61,-3.06,-11.37,28.5
15:56:38,-3.57,0.96,-5.32,28.5
15:56:38,3.05,3.59,-6.00,28.5
15:56:38,2.29,3.65,-10.40,28.5
15:56:38,-1.72,-4.72,-13.50,28.5
15:56:38,-4.06,-2.33,-10.13,28.5
15:56:38,-3.06,2.47,-3.64,28.5
15:56:38,4.52,3.95,-9.91,28.5
15:56:38,1.64,-1.40,-14.23,28.5
15:56:38,-4.82,-3.43,-11.31,28.5
15:56:38,-3.07,-0.18,-7.06,28.5
15:56:38,0.85,3.27,-4.53,28.5
15:56:38,3.22,4.12,-9.51,28.5
15:56:38,0.37,-3.81,-13.24,28.5
15:56:38,-5.71,-2.79,-10.86,28.5
15:56:38,-4.06,1.65,-4.63,28.5
15:56:38,4.21,3.84,-7.93,28.5
15:56:38,1.54,2.36,-11.90,28.5
15:56:38,-3.28,-5.13,-13.12,28.5
15:56:38,-3.94,-2.43,-10.14,28.5
15:56:38,-3.05,2.59,-3.78,28.5
15:56:38,4.45,3.85,-9.87,28.5
15:56:38,1.63,-1.48,-14.23,28.5
15:56:38,-4.74,-3.31,-11.30,28.5
15:56:38,-3.10,-0.22,-6.96,28.5
15:56:38,0.84,3.12,-4.44,28.5
15:56:38,3.17,4.19,-9.42,28.5
15:56:38,0.25,-3.81,-13.26,28.5
15:56:38,-5.61,-2.91,-10.65,28.5
15:56:38,-4.04,1.58,-4.67,28.5
15:56:38,4.25,3.84,-7.96,28.5
15:56:38,1.55,2.14,-11.98,28.5
15:56:38,-3.39,-5.14,-13.20,28.5
15:56:38,-3.79,-2.43,-10.18,28.5
15:56:38,-2.90,2.49,-3.76,28.5
15:56:38,4.41,3.91,-9.82,28.5
15:56:38,1.62,-1.58,-14.27,28.5
15:56:38,-5.02,-3.22,-11.28,28.5
15:56:38,-3.46,0.84,-5.45,28.5
15:56:38,2.74,3.56,-5.69,28.5
15:56:38,2.39,3.97,-10.20,28.5
15:56:38,-1.52,-4.69,-12.91,28.5
15:56:38,-4.94,-2.38,-9.75,28.5
15:56:38,-4.16,2.11,-3.86,28.5
15:56:38,4.90,3.93,-9.12,28.5
15:56:38,1.33,0.52,-13.30,28.5
15:56:38,-4.29,-4.69,-12.50,28.5
15:56:38,-3.20,-1.87,-9.54,28.5
15:56:38,-1.18,2.72,-4.18,28.5
15:56:38,3.87,3.74,-10.07,28.5
15:56:38,1.52,-2.87,-14.26,28.5
15:56:38,-5.42,-3.12,-11.31,28.5
15:56:38,-3.50,0.91,-5.50,28.5
15:56:38,2.79,3.58,-5.75,28.5
15:56:38,2.39,3.76,-10.19,28.5
15:56:38,-1.73,-4.66,-12.96,28.5
15:56:38,-4.93,-2.34,-9.74,28.5
15:56:38,-4.07,2.25,-3.80,28.5
15:56:38,4.96,3.99,-9.18,28.5
15:56:38,1.36,0.29,-13.44,28.5
15:56:38,-4.36,-4.47,-12.42,28.5
15:56:38,-3.32,-1.75,-9.30,28.5
15:56:38,-1.00,2.70,-4.26,28.5
15:56:38,3.70,3.70,-10.05,28.5
15:56:38,1.37,-2.83,-14.19,28.5
15:56:38,-5.51,-3.12,-11.29,28.5
15:56:38,-3.48,1.11,-5.24,28.5
15:56:38,3.03,3.60,-6.07,28.5
15:56:38,2.25,3.85,-10.41,28.5
15:56:39,-1.87,-4.93,-12.94,28.5
15:56:39,-3.90,-2.34,-10.03,28.5
15:56:39,-2.94,2.56,-3.74,28.5
15:56:39,4.59,4.08,-9.93,28.5
15:56:39,1.55,-1.50,-14.33,28.5
15:56:39,-4.95,-3.44,-11.26,28.5
15:56:39,-3.07,-0.25,-6.88,28.5
15:56:39,1.05,3.35,-4.42,28.5
15:56:39,3.15,4.10,-9.43,28.5
15:56:39,0.28,-3.80,-13.22,28.5
15:56:39,-5.57,-2.84,-10.67,28.5
15:56:39,-4.10,1.68,-4.67,28.5
15:56:39,4.33,3.83,-7.94,28.5
15:56:39,1.72,2.10,-11.94,28.5
15:56:39,-3.53,-5.19,-13.25,28.5
15:56:39,-3.93,-2.41,-10.10,28.5
15:56:39,-2.85,2.48,-3.74,28.5
15:56:39,4.45,3.91,-9.88,28.5
15:56:39,1.70,-1.61,-14.17,28.5
15:56:39,-4.90,-3.41,-11.17,28.5
15:56:39,-3.23,-0.11,-6.92,28.5
15:56:39,1.22,3.20,-4.58,28.5
15:56:39,3.14,4.16,-9.46,28.5
15:56:39,0.15,-3.89,-13.34,28.5
15:56:39,-5.47,-2.83,-10.50,28.5
15:56:39,-4.16,1.69,-4.47,28.5
15:56:39,4.44,3.85,-8.19,28.5
15:56:39,1.55,2.14,-12.03,28.5
15:56:39,-3.60,-5.18,-13.04,28.5
15:56:39,-3.72,-2.31,-10.23,28.5
15:56:39,-2.83,2.48,-3.83,28.5
15:56:39,3.74,3.63,-10.04,28.5
15:56:39,1.51,-2.82,-14.25,28.5
15:56:39,-5.53,-3.19,-11.27,28.5
15:56:39,-3.56,0.93,-5.33,28.5
15:56:39,3.00,3.56,-5.96,28.5
15:56:39,2.36,3.76,-10.32,28.5
15:56:39,-1.75,-4.73,-12.97,28.5
15:56:39,-4.73,-2.35,-9.72,28.5
15:56:39,-4.10,2.31,-3.83,28.5
15:56:39,4.85,4.06,-9.20,28.5
15:56:39,1.40,0.23,-13.29,28.5
15:56:39,-4.40,-4.51,-12.43,28.5
15:56:39,-3.20,-1.78,-9.26,28.5
15:56:39,-1.01,2.70,-4.24,28.5
15:56:39,3.77,3.75,-10.03,28.5
15:56:39,1.50,-2.91,-14.08,28.5
15:56:39,-5.46,-3.17,-11.37,28.5
15:56:39,-3.57,1.01,-5.26,28.5
15:56:39,3.11,3.60,-6.23,28.5
15:56:39,2.31,3.69,-10.43,28.5
15:56:39,-1.85,-4.78,-12.99,28.5
15:56:39,-4.70,-2.27,-9.73,28.5
15:56:39,-3.94,2.39,-3.80,28.5
15:56:39,4.89,4.06,-9.28,28.5
15:56:39,1.40,0.07,-13.47,28.5
15:56:39,-4.50,-4.41,-12.26,28.5
15:56:39,-3.13,-1.64,-9.03,28.5
15:56:39,-0.90,2.82,-4.26,28.5
15:56:39,3.73,3.77,-9.93,28.5
15:56:39,1.36,-3.13,-14.09,28.5
15:56:39,-5.58,-3.07,-11.33,28.5
15:56:39,-4.22,1.68,-4.65,28.5
15:56:39,4.24,3.79,-7.94,28.5
15:56:39,1.57,2.28,-11.94,28.5
15:56:39,-3.44,-5.18,-13.07,28.5
15:56:39,-3.96,-2.44,-10.18,28.5
15:56:39,-2.84,2.49,-3.80,28.5
15:56:39,4.51,3.88,-9.95,28.5
15:56:39,1.54,-1.65,-14.38,28.5
15:56:39,-4.98,-3.35,-11.29,28.5
15:56:39,-3.18,-0.12,-6.72,28.5
15:56:39,1.23,3.33,-4.59,28.5
15:56:39,3.12,4.13,-9.43,28.5
15:56:39,0.07,-3.86,-13.13,28.5
15:56:39,-5.62,-2.87,-10.54,28.5
15:56:39,-4.19,1.69,-4.53,28.5
15:56:39,4.39,3.79,-8.01,28.5
15:56:39,1.55,2.13,-12.08,28.5
15:56:39,-3.54,-5.03,-13.11,28.5
15:56:39,-3.89,-2.31,-10.20,28.5
15:56:39,-2.74,2.52,-3.83,28.5
15:56:39,4.42,3.93,-9.93,28.5
15:56:39,1.61,-1.64,-14.23,28.5
15:56:39,-4.95,-3.24,-11.25,28.5
15:56:39,-3.14,-0.03,-6.60,28.5
15:56:39,1.31,3.36,-4.64,28.5
15:56:39,3.07,4.27,-9.33,28.5
15:56:39,0.02,-3.87,-13.17,28.5
15:56:39,-5.58,-2.76,-10.51,28.5
15:56:39,-4.15,1.70,-4.53,28.5
15:56:39,4.55,3.83,-8.18,28.5
15:56:39,1.49,1.94,-13.45,28.5
15:56:39,-4.44,-4.47,-12.44,28.5
15:56:39,-3.16,-1.87,-9.27,28.5
15:56:39,-1.06,2.67,-4.37,28.5
15:56:39,3.81,3.68,-10.12,28.5
15:56:39,1.49,-2.91,-14.26,28.5
15:56:39,-5.52,-3.12,-11.30,28.5
15:56:39,-3.50,0.98,-5.36,28.5
15:56:39,3.02,3.58,-6.12,28.5
15:56:39,2.35,3.74,-10.29,28.5
15:56:39,-1.77,-4.70,-13.01,28.5
15:56:39,-4.82,-2.42,-9.81,28.5
15:56:39,-4.01,2.22,-3.66,28.5
15:56:39,4.94,4.12,-9.23,28.5
15:56:39,1.32,0.24,-13.50,28.5
15:56:39,-4.42,-4.41,-12.37,28.5
15:56:39,-3.32,-1.74,-9.07,28.5
15:56:39,-1.00,2.75,-4.25,28.5
15:56:39,3.64,3.75,-10.07,28.5
15:56:39,1.36,-2.97,-14.10,28.5
15:56:39,-5.51,-3.16,-11.35,28.5
15:56:39,-3.58,1.09,-5.19,28.5
15:56:39,3.13,3.65,-6.20,28.5
15:56:39,2.31,3.64,-10.48,28.5
15:56:39,-1.77,-4.91,-12.93,28.5
15:56:39,-4.76,-2.26,-9.73,28.5
15:56:39,-4.03,2.26,-3.66,28.5
15:56:39,4.90,4.03,-9.23,28.5
15:56:39,1.35,0.18,-13.54,28.5
15:56:39,-4.39,-4.44,-12.27,28.5
15:56:39,-3.17,-1.53,-9.03,28.5
15:56:39,-0.78,2.64,-4.35,28.5
15:56:39,3.69,3.76,-9.42,28.5
15:56:39,0.19,-3.78,-13.10,28.5
15:56:39,-5.61,-2.87,-10.70,28.5
15:56:39,-4.06,1.65,-4.67,28.5
15:56:39,4.39,3.77,-7.93,28.5
15:56:39,1.59,2.28,-11.97,28.5
15:56:39,-3.41,-5.09,-13.22,28.5
15:56:39,-3.87,-2.36,-10.16,28.5
15:56:39,-2.85,2.66,-3.77,28.5
15:56:39,4.46,3.83,-9.90,28.5
15:56:39,1.54,-1.60,-14.37,28.5
15:56:39,-4.97,-3.34,-11.23,28.5
15:56:39,-3.16,-0.08,-6.86,28.5
15:56:39,1.21,3.28,-4.56,28.5
15:56:39,3.17,4.26,-9.43,28.5
15:56:39,0.09,-3.88,-13.17,28.5
15:56:39,-5.65,-2.82,-10.53,28.5
15:56:39,-4.15,1.76,-4.51,28.5
15:56:39,4.48,3.86,-8.10,28.5
15:56:39,1.59,2.13,-12.06,28.5
15:56:39,-3.57,-5.07,-13.05,28.5
15:56:39,-3.68,-2.36,-10.14,28.5
15:56:39,-2.69,2.51,-3.79,28.5
15:56:39,4.48,3.79,-9.98,28.5
15:56:39,1.51,-1.72,-14.38,28.5
15:56:39,-5.08,-3.33,-11.16,28.5
15:56:39,-3.17,0.01,-6.53,28.5
15:56:39,1.51,3.32,-4.70,28.5
15:56:39,3.09,4.28,-9.55,28.5
15:56:39,-0.06,-3.93,-13.07,28.5
15:56:39,-5.50,-2.81,-10.44,28.5
15:56:39,-4.19,1.80,-4.47,28.5
15:56:39,4.52,3.82,-9.22,28.5
15:56:39,1.34,0.28,-13.48,28.5
15:56:39,-4.43,-4.57,-12.30,28.5
15:56:39,-3.17,-1.57,-9.18,28.5
15:56:39,-0.86,2.71,-4.33,28.5
15:56:39,3.73,3.71,-9.95,28.5
15:56:39,1.35,-2.95,-14.13,28.5
15:56:39,-5.48,-3.05,-11.28,28.5
15:56:39,-3.52,1.05,-5.17,28.5
15:56:39,3.20,3.62,-6.31,28.5
15:56:39,2.22,3.71,-10.53,28.5
15:56:39,-1.89,-4.81,-12.90,28.5
15:56:39,-4.77,-2.26,-9.72,28.5
15:56:39,-4.04,2.32,-3.63,28.5
15:56:39,4.79,3.95,-9.21,28.5
15:56:39,1.35,0.03,-13.58,28.5
15:56:39,-4.56,-4.29,-12.22,28.5
15:56:39,-3.07,-1.51,-8.91,28.5
15:56:39,-0.68,2.79,-4.31,28.5
15:56:39,3.61,3.76,-9.86,28.5
15:56:39,1.25,-3.15,-14.04,28.5
15:56:39,-5.44,-3.07,-11.24,28.5
15:56:39,-3.65,1.16,-5.10,28.5
15:56:39,3.37,3.73,-6.52,28.5
15:56:39,2.12,3.37,-10.74,28.5
15:56:39,-2.13,-5.04,-13.01,28.5
15:56:39,-4.58,-2.30,-9.82,28.5
15:56:39,-3.87,2.36,-3.68,28.5
15:56:39,4.82,3.94,-9.36,28.5
15:56:39,1.45,-0.26,-13.68,28.5
15:56:39,-4.57,-4.12,-12.02,28.5
15:56:39,-3.10,-1.31,-8.58,28.5
15:56:39,-0.44,2.90,-4.41,28.5
15:56:39,2.99,3.81,-9.39,28.5
15:56:39,0.06,-3.96,-13.16,28.5
15:56:39,-5.55,-2.79,-10.38,28.5
15:56:39,-4.23,1.88,-4.49,28.5
15:56:39,4.53,3.91,-8.21,28.5
15:56:39,1.44,1.88,-12.21,28.5
15:56:39,-3.69,-5.25,-13.19,28.5
15:56:39,-3.72,-2.42,-10.24,28.5
15:56:39,-2.58,2.51,-3.86,28.5
15:56:39,4.19,3.66,-10.05,28.5
15:56:39,1.70,-1.87,-14.35,28.5
15:56:39,-5.04,-3.14,-11.20,28.5
15:56:39,-3.20,0.09,-6.34,28.5
15:56:39,1.62,3.48,-4.73,28.5
15:56:39,2.86,4.26,-9.43,28.5
15:56:39,-0.10,-4.09,-12.91,28.5
15:56:39,-5.42,-2.69,-10.32,28.5
15:56:39,-4.24,1.71,-4.43,28.5
15:56:39,4.56,3.91,-8.36,28.5
15:56:39,1.39,1.66,-12.57,28.5
15:56:39,-3.76,-5.11,-13.35,28.5
15:56:39,-3.66,-2.29,-10.19,28.5
15:56:39,-2.48,2.58,-3.94,28.5
15:56:39,4.14,3.81,-10.02,28.5
15:56:39,1.75,-1.90,-14.30,28.5
15:56:39,-5.23,-3.15,-11.15,28.5
15:56:39,-3.24,0.37,-6.07,28.5
15:56:39,1.87,3.49,-4.96,28.5
15:56:39,2.90,4.29,-9.43,28.5
15:56:39,-0.43,-4.04,-12.86,28.5
15:56:39,-5.46,-2.63,-10.21,28.5
15:56:39,-4.24,1.84,-4.30,28.5
15:56:39,4.65,3.96,-9.31,28.5
15:56:39,1.27,-0.27,-13.56,28.5
15:56:39,-4.49,-4.11,-12.11,28.5
15:56:39,-3.16,-1.38,-8.74,28.5
15:56:39,-0.43,2.79,-4.43,28.5
15:56:39,3.58,3.76,-9.94,28.5
15:56:39,1.30,-3.30,-14.19,28.5
15:56:39,-5.68,-3.19,-11.36,28.5
15:56:39,-3.61,1.27,-5.06,28.5
15:56:39,3.46,3.67,-6.63,28.5
15:56:39,2.11,3.33,-10.77,28.5
15:56:39,-2.29,-5.01,-12.96,28.5
15:56:39,-4.63,-2.33,-9.74,28.5
15:56:39,-3.89,2.37,-3.65,28.5
15:56:39,4.78,4.01,-9.32,28.5
15:56:40,1.37,-0.35,-13.70,28.5
15:56:40,-4.61,-4.01,-11.85,28.5
15:56:40,-3.20,-1.41,-8.48,28.5
15:56:40,-0.34,2.98,-4.40,28.5
15:56:40,3.54,3.81,-9.84,28.5
15:56:40,1.16,-3.26,-14.15,28.5
15:56:40,-5.62,-3.20,-11.24,28.5
15:56:40,-3.76,1.23,-5.08,28.5
15:56:40,3.66,3.60,-6.77,28.5
15:56:40,2.07,3.21,-10.88,28.5
15:56:40,-2.42,-4.98,-12.99,28.5
15:56:40,-4.54,-2.36,-9.84,28.5
15:56:40,-3.73,2.47,-3.57,28.5
15:56:40,4.74,3.95,-9.38,28.5
15:56:40,1.47,-0.47,-13.78,28.5
15:56:40,-4.67,-3.86,-11.17,28.5
15:56:40,-3.04,0.25,-6.20,28.5
15:56:40,1.67,3.55,-4.87,28.5
15:56:40,2.84,4.31,-9.37,28.5
15:56:40,-0.37,-4.06,-12.92,28.5
15:56:40,-5.57,-2.65,-10.28,28.5
15:56:40,-4.22,1.83,-4.29,28.5
15:56:40,4.61,3.89,-8.45,28.5
15:56:40,1.44,1.56,-12.57,28.5
15:56:40,-3.86,-5.18,-13.19,28.5
15:56:40,-3.38,-2.28,-10.08,28.5
15:56:40,-2.34,2.54,-4.14,28.5
15:56:40,4.22,3.71,-9.93,28.5
15:56:40,1.53,-2.10,-14.41,28.5
15:56:40,-5.13,-3.15,-11.13,28.5
15:56:40,-3.17,0.45,-5.96,28.5
15:56:40,1.97,3.48,-5.03,28.5
15:56:40,2.90,4.21,-9.70,28.5
15:56:40,-0.63,-4.18,-12.91,28.5
15:56:40,-5.35,-2.62,-10.07,28.5
15:56:40,-4.22,1.97,-4.16,28.5
15:56:40,4.63,3.87,-8.66,28.5
15:56:40,1.39,1.31,-12.68,28.5
15:56:40,-3.97,-5.03,-13.04,28.5
15:56:40,-3.49,-2.25,-10.02,28.5
15:56:40,-2.10,2.52,-4.06,28.5
15:56:40,4.03,3.73,-10.11,28.5
15:56:40,1.59,-2.28,-14.40,28.5
15:56:40,-5.26,-3.21,-11.05,28.5
15:56:40,-3.24,0.56,-5.77,28.5
15:56:40,2.21,3.62,-5.21,28.5
15:56:40,2.80,4.15,-9.66,28.5
15:56:40,-0.73,-4.25,-13.01,28.5
15:56:40,-5.29,-2.61,-9.40,28.5
15:56:40,-3.70,2.55,-3.49,28.5
15:56:40,4.84,4.03,-9.56,28.5
15:56:40,1.35,-0.60,-13.88,28.5
15:56:40,-4.62,-3.89,-11.76,28.5
15:56:40,-3.16,-0.93,-8.10,28.5
15:56:40,0.06,3.09,-4.35,28.5
15:56:40,3.53,3.89,-9.80,28.5
15:56:40,0.93,-3.34,-13.96,28.5
15:56:40,-5.68,-3.17,-11.14,28.5
15:56:40,-3.91,1.43,-4.87,28.5
15:56:40,3.85,3.74,-7.07,28.5
15:56:40,1.84,2.98,-11.19,28.5
15:56:40,-2.76,-5.14,-13.01,28.5
15:56:40,-4.28,-2.27,-9.98,28.5
15:56:40,-3.56,2.39,-3.61,28.5
15:56:40,4.74,3.91,-9.52,28.5
15:56:40,1.49,-0.88,-14.05,28.5
15:56:40,-4.73,-3.72,-11.71,28.5
15:56:40,-2.97,-0.76,-7.77,28.5
15:56:40,0.46,3.11,-4.52,28.5
15:56:40,3.41,4.09,-9.46,28.5
15:56:40,0.80,-3.60,-13.59,28.5
15:56:40,-5.76,-2.95,-11.08,28.5
15:56:40,-3.95,1.51,-4.81,28.5
15:56:40,4.02,3.72,-7.47,28.5
15:56:40,1.75,2.81,-11.53,28.5
15:56:40,-3.07,-5.17,-13.08,28.5
15:56:40,-4.10,-2.30,-10.02,28.5
15:56:40,-3.41,2.43,-3.64,28.5
15:56:40,4.65,3.90,-9.73,28.5
15:56:40,1.60,-1.06,-14.15,28.5
15:56:40,-4.75,-3.55,-11.48,28.5
15:56:40,-3.04,-0.62,-7.44,28.5
15:56:40,0.58,3.18,-4.51,28.5
15:56:40,2.80,4.23,-9.77,28.5
15:56:40,-0.94,-4.51,-12.79,28.5
15:56:40,-5.21,-2.36,-10.05,28.5
15:56:40,-4.14,2.14,-4.01,28.5
15:56:40,4.80,4.02,-8.84,28.5
15:56:40,1.36,1.07,-12.93,28.5
15:56:40,-4.19,-4.90,-12.86,28.5
15:56:40,-3.35,-2.14,-9.81,28.5
15:56:40,-1.69,2.48,-4.12,28.5
15:56:40,3.93,3.70,-10.15,28.5
15:56:40,1.59,-2.55,-14.46,28.5
15:56:40,-5.52,-3.19,-11.23,28.5
15:56:40,-3.40,0.63,-5.55,28.5
15:56:40,2.57,3.66,-5.41,28.5
15:56:40,2.52,3.97,-10.00,28.5
15:56:40,-1.36,-4.65,-12.88,28.5
15:56:40,-5.08,-2.27,-9.75,28.5
15:56:40,-4.22,2.17,-3.94,28.5
15:56:40,4.64,3.93,-8.94,28.5
15:56:40,1.41,0.74,-13.10,28.5
15:56:40,-4.21,-4.67,-12.69,28.5
15:56:40,-3.19,-1.91,-9.65,28.5
15:56:40,-1.31,2.65,-4.24,28.5
15:56:40,3.88,3.76,-10.10,28.5
15:56:40,1.51,-2.66,-14.37,28.5
15:56:40,-5.50,-3.10,-11.33,28.5
15:56:40,-3.43,0.94,-5.37,28.5
15:56:40,2.87,3.54,-5.87,28.5
15:56:40,2.45,3.86,-10.16,28.5
15:56:40,-1.74,-4.65,-12.89,28.5
15:56:40,-4.92,-2.30,-9.73,28.5
15:56:40,-4.15,2.30,-3.83,28.5
15:56:40,4.96,3.90,-9.12,28.5
15:56:40,1.35,0.41,-13.35,28.5
15:56:40,-4.21,-4.51,-11.17,28.5
15:56:40,-3.06,-0.55,-7.20,28.5
15:56:40,0.75,3.26,-4.49,28.5
15:56:40,3.35,4.10,-9.60,28.5
15:56:40,0.47,-3.71,-13.41,28.5
15:56:40,-5.72,-2.89,-10.95,28.5
15:56:40,-4.03,1.50,-4.71,28.5
15:56:40,4.27,3.79,-7.74,28.5
15:56:40,1.67,2.49,-11.74,28.5
15:56:40,-3.22,-5.15,-13.19,28.5
15:56:40,-3.89,-2.35,-10.10,28.5
15:56:40,-3.07,2.48,-3.73,28.5
15:56:40,4.57,3.93,-9.65,28.5
15:56:40,1.54,-1.40,-14.30,28.5
15:56:40,-4.87,-3.35,-11.40,28.5
15:56:40,-3.06,-0.24,-6.96,28.5
15:56:40,0.93,3.28,-4.67,28.5
15:56:40,3.33,4.10,-9.55,28.5
15:56:40,0.26,-3.70,-13.32,28.5
15:56:40,-5.65,-2.90,-10.74,28.5
15:56:40,-4.14,1.61,-4.58,28.5
15:56:40,4.43,3.94,-7.85,28.5
15:56:40,1.57,2.27,-11.91,28.5
15:56:40,-3.35,-5.12,-12.99,28.5
15:56:40,-3.78,-2.40,-10.21,28.5
15:56:40,-2.85,2.35,-3.67,28.5
15:56:40,4.40,3.85,-9.85,28.5
15:56:40,1.48,-1.58,-14.49,28.5
15:56:40,-4.92,-3.35,-11.35,28.5
15:56:40,-3.05,-0.07,-6.81,28.5
15:56:40,1.21,3.25,-4.68,28.5
15:56:40,3.14,4.16,-9.43,28.5
15:56:40,0.10,-3.90,-13.33,28.5
15:56:40,-4.97,-2.42,-9.74,28.5
15:56:40,-4.23,2.08,-3.64,28.5
15:56:40,4.89,4.00,-9.08,28.5
15:56:40,1.24,0.51,-13.30,28.5
15:56:40,-4.33,-4.50,-12.60,28.5
15:56:40,-3.19,-1.81,-9.43,28.5
15:56:40,-1.16,2.57,-4.35,28.5
15:56:40,3.93,3.72,-10.16,28.5
15:56:40,1.51,-2.83,-14.31,28.5
15:56:40,-5.61,-3.12,-11.25,28.5
15:56:40,-3.42,0.98,-5.37,28.5
15:56:40,3.10,3.59,-6.09,28.5
15:56:40,2.36,3.79,-10.45,28.5
15:56:40,-1.76,-4.78,-12.98,28.5
15:56:40,-4.79,-2.30,-9.71,28.5
15:56:40,-4.06,2.17,-3.63,28.5
15:56:40,4.95,4.06,-9.18,28.5
15:56:40,1.27,0.27,-13.42,28.5
15:56:40,-4.34,-4.33,-12.21,28.5
15:56:40,-3.12,-1.72,-9.29,28.5
15:56:40,-0.92,2.71,-4.39,28.5
15:56:40,3.74,3.71,-9.94,28.5
15:56:40,1.33,-2.95,-14.23,28.5
15:56:40,-5.49,-3.15,-11.35,28.5
15:56:40,-3.56,1.00,-5.21,28.5
15:56:40,3.36,3.64,-6.36,28.5
15:56:40,2.22,3.56,-10.52,28.5
15:56:40,-2.04,-4.86,-12.97,28.5
15:56:40,-4.65,-2.16,-9.71,28.5
15:56:40,-4.00,2.27,-3.66,28.5
15:56:40,4.72,3.99,-9.23,28.5
15:56:40,1.32,-0.02,-13.60,28.5
15:56:40,-4.47,-4.19,-12.13,28.5
15:56:40,-3.04,-1.45,-8.93,28.5
15:56:40,1.44,3.28,-4.67,28.5
15:56:40,3.15,4.20,-9.44,28.5
15:56:40,0.04,-3.88,-13.25,28.5
15:56:40,-5.58,-2.77,-10.47,28.5
15:56:40,-4.24,1.60,-4.31,28.5
15:56:40,4.42,3.83,-8.15,28.5
15:56:40,1.34,2.10,-11.99,28.5
15:56:40,-3.53,-5.19,-13.09,28.5
15:56:40,-3.69,-2.27,-10.29,28.5
15:56:40,-2.65,2.53,-3.82,28.5
15:56:40,4.32,3.89,-10.00,28.5
15:56:40,1.56,-1.92,-14.59,28.5
15:56:40,-5.11,-3.29,-11.12,28.5
15:56:40,-3.16,0.14,-6.36,28.5
15:56:40,1.70,3.49,-4.72,28.5
15:56:40,3.04,4.16,-9.54,28.5
15:56:40,-0.24,-3.92,-13.20,28.5
15:56:40,-5.69,-2.62,-10.23,28.5
15:56:40,-4.24,1.72,-4.24,28.5
15:56:40,4.56,3.92,-8.33,28.5
15:56:40,1.40,1.80,-12.26,28.5
15:56:40,-3.74,-5.09,-13.09,28.5
15:56:40,-3.55,-2.21,-10.34,28.5
15:56:40,-2.42,2.40,-3.85,28.5
15:56:40,4.15,3.81,-10.07,28.5
15:56:40,1.52,-2.05,-14.59,28.5
15:56:40,-5.14,-3.19,-11.05,28.5
15:56:40,-3.20,0.27,-6.14,28.5
15:56:40,1.87,3.44,-4.97,28.5
15:56:40,3.02,4.32,-9.45,28.5
15:56:40,-0.47,-4.05,-13.05,28.5
15:56:40,-4.70,-2.12,-9.86,28.5
15:56:40,-4.02,2.24,-3.41,28.5
15:56:40,4.76,3.98,-9.30,28.5
15:56:40,1.35,-0.13,-13.63,28.5
15:56:40,-4.40,-4.14,-12.08,28.5
15:56:40,-3.08,-1.14,-8.84,28.5
15:56:40,-0.44,2.80,-4.36,28.5
15:56:40,3.70,3.92,-9.77,28.5
15:56:40,1.27,-3.18,-14.08,28.5
15:56:40,-5.63,-3.12,-11.28,28.5
15:56:40,-3.78,1.17,-5.01,28.5
15:56:40,3.57,3.68,-6.79,28.5
15:56:40,1.96,3.32,-10.84,28.5
15:56:40,-2.48,-5.04,-13.06,28.5
15:56:40,-4.55,-2.34,-9.82,28.5
15:56:40,-3.89,2.16,-3.47,28.5
15:56:40,4.87,4.10,-9.45,28.5
15:56:41,1.39,-0.43,-13.89,28.5
15:56:41,-4.46,-3.94,-11.86,28.5
15:56:41,-3.08,-1.14,-8.48,28.5
15:56:41,-0.01,2.93,-4.49,28.5
15:56:41,3.59,3.99,-9.58,28.5
15:56:41,0.89,-3.29,-13.89,28.5
15:56:41,-5.63,-3.10,-11.31,28.5
15:56:41,-3.89,1.17,-4.86,28.5
15:56:41,3.74,3.80,-6.87,28.5
15:56:41,2.02,3.14,-11.01,28.5
15:56:41,-2.61,-5.11,-13.04,28.5
15:56:41,-4.48,-2.25,-9.83,28.5
15:56:41,-3.82,2.27,-3.50,28.5
15:56:41,4.79,4.00,-9.46,28.5
15:56:41,1.38,-0.57,-13.97,28.5
15:56:41,-4.60,-3.91,-11.77,28.5
15:56:41,-2.99,-0.99,-8.17,28.5
15:56:41,1.92,3.64,-4.94,28.5
15:56:41,2.94,4.31,-9.49,28.5
15:56:41,-0.56,-4.11,-13.09,28.5
15:56:41,-5.46,-2.60,-10.29,28.5
15:56:41,-4.24,1.83,-4.07,28.5
15:56:41,4.62,3.95,-8.53,28.5
15:56:41,1.37,1.51,-12.41,28.5
15:56:41,-3.94,-5.07,-12.96,28.5
15:56:41,-3.58,-2.23,-10.14,28.5
15:56:41,-2.24,2.39,-3.95,28.5
15:56:41,4.09,3.83,-10.04,28.5
15:56:41,1.62,-2.20,-14.30,28.5
15:56:41,-5.17,-3.05,-11.07,28.5
15:56:41,-3.28,0.33,-5.96,28.5
15:56:41,2.22,3.48,-5.24,28.5
15:56:41,2.75,4.17,-9.42,28.5
15:56:41,-0.86,-4.27,-12.93,28.5
15:56:41,-5.38,-2.47,-10.01,28.5
15:56:41,-4.19,1.92,-4.03,28.5
15:56:41,4.73,4.01,-8.62,28.5
15:56:41,1.32,1.32,-12.76,28.5
15:56:41,-4.02,-4.90,-13.01,28.5
15:56:41,-3.39,-2.18,-10.12,28.5
15:56:41,-1.94,2.46,-4.22,28.5
15:56:41,4.05,3.71,-10.07,28.5
15:56:41,1.47,-2.28,-14.58,28.5
15:56:41,-5.20,-3.03,-11.11,28.5
15:56:41,-3.24,0.58,-5.83,28.5
15:56:41,2.35,3.59,-5.49,28.5
15:56:41,2.76,4.16,-9.62,28.5
15:56:41,-0.95,-4.33,-12.89,28.5
15:56:41,-5.34,-2.48,-10.06,28.5
15:56:41,-4.30,1.90,-3.39,28.5
15:56:41,4.72,4.02,-9.43,28.5
15:56:41,1.43,-0.56,-14.01,28.5
15:56:41,-4.53,-3.86,-11.79,28.5
15:56:41,-3.08,-0.93,-8.34,28.5
15:56:41,-0.18,2.94,-4.50,28.5
15:56:41,3.51,4.04,-9.74,28.5
15:56:41,0.89,-3.35,-13.85,28.5
15:56:41,-5.67,-3.05,-11.20,28.5
15:56:41,-3.84,1.27,-4.87,28.5
15:56:41,3.81,3.75,-7.04,28.5
15:56:41,1.89,3.03,-11.08,28.5
15:56:41,-2.56,-5.24,-13.15,28.5
15:56:41,-4.34,-2.12,-9.97,28.5
15:56:41,-3.69,2.34,-3.45,28.5
15:56:41,4.72,4.00,-9.52,28.5
15:56:41,1.35,-0.67,-13.98,28.5
15:56:41,-4.59,-3.78,-11.75,28.5
15:56:41,-2.96,-0.84,-8.24,28.5
15:56:41,0.17,2.98,-4.51,28.5
15:56:41,3.54,4.03,-9.63,28.5
15:56:41,0.86,-3.36,-13.82,28.5
15:56:41,-5.62,-3.05,-11.15,28.5
15:56:41,-3.89,1.39,-4.78,28.5
15:56:41,3.95,3.77,-7.29,28.5
15:56:41,1.83,2.81,-11.35,28.5
15:56:41,-2.87,-5.18,-13.08,28.5
15:56:41,-4.26,-2.17,-9.92,28.5
15:56:41,-3.50,2.28,-3.36,28.5
15:56:41,4.62,4.02,-9.64,28.5
15:56:41,1.41,-0.92,-14.15,28.5
15:56:41,-5.26,-3.10,-10.78,28.5
15:56:41,-3.25,0.59,-5.78,28.5
15:56:41,2.36,3.54,-5.39,28.5
15:56:41,2.80,4.13,-9.71,28.5
15:56:41,-1.01,-4.25,-13.02,28.5
15:56:41,-5.37,-2.48,-9.96,28.5
15:56:41,-4.27,1.88,-3.89,28.5
15:56:41,4.76,3.91,-8.70,28.5
15:56:41,1.33,1.22,-12.67,28.5
15:56:41,-3.97,-4.98,-12.90,28.5
15:56:41,-3.49,-2.04,-10.15,28.5
15:56:41,-1.87,2.42,-4.03,28.5
15:56:41,4.03,3.69,-10.03,28.5
15:56:41,1.52,-2.40,-14.50,28.5
15:56:41,-5.31,-3.14,-11.15,28.5
15:56:41,-3.24,0.64,-5.68,28.5
15:56:41,2.44,3.51,-5.47,28.5
15:56:41,2.71,4.14,-9.72,28.5
15:56:41,-1.18,-4.29,-12.95,28.5
15:56:41,-5.29,-2.42,-9.89,28.5
15:56:41,-4.28,1.98,-3.88,28.5
15:56:41,4.82,4.01,-8.92,28.5
15:56:41,1.35,0.89,-12.91,28.5
15:56:41,-4.13,-4.77,-12.87,28.5
15:56:41,-3.38,-2.00,-9.96,28.5
15:56:41,-1.58,2.48,-4.22,28.5
15:56:41,3.84,3.84,-10.06,28.5
15:56:41,1.57,-2.51,-14.59,28.5
15:56:41,-5.44,-3.12,-11.20,28.5
15:56:41,-3.36,0.81,-5.47,28.5
15:56:41,2.60,3.56,-5.77,28.5
15:56:41,2.61,2.84,-11.67,28.5
15:56:41,-2.83,-5.10,-12.90,28.5
15:56:41,-4.35,-2.21,-10.11,28.5
15:56:41,-3.59,2.27,-3.31,28.5
15:56:41,4.61,3.96,-9.56,28.5
15:56:41,1.33,-0.89,-14.10,28.5
15:56:41,-4.69,-3.56,-11.53,28.5
15:56:41,-2.95,-0.64,-7.81,28.5
15:56:41,0.42,3.04,-4.51,28.5
15:56:41,3.38,4.04,-9.46,28.5
15:56:41,0.75,-3.55,-13.85,28.5
15:56:41,-5.66,-3.00,-11.09,28.5
15:56:41,-3.97,1.46,-4.67,28.5
15:56:41,4.13,3.82,-7.42,28.5
15:56:41,1.70,2.79,-11.42,28.5
15:56:41,-2.96,-5.24,-13.08,28.5
15:56:41,-4.20,-2.25,-10.15,28.5
15:56:41,-3.46,2.46,-3.41,28.5
15:56:41,4.61,4.04,-9.65,28.5
15:56:41,1.39,-1.18,-14.10,28.5
15:56:41,-4.72,-3.59,-11.46,28.5
15:56:41,-3.00,-0.50,-7.57,28.5
15:56:41,0.72,3.18,-4.52,28.5
15:56:41,3.46,4.19,-9.44,28.5
15:56:41,0.54,-3.58,-13.72,28.5
15:56:41,-5.69,-2.88,-10.91,28.5
15:56:41,-4.03,1.50,-4.66,28.5
15:56:41,4.28,3.84,-7.64,28.5
15:56:41,1.66,2.61,-11.53,28.5
15:56:41,-3.23,-5.20,-13.09,28.5
15:56:41,-4.14,-2.32,-10.24,28.5
15:56:41,-1.54,2.38,-4.25,28.5
15:56:41,3.85,3.73,-10.01,28.5
15:56:41,1.50,-2.65,-14.63,28.5
15:56:41,-5.40,-3.06,-11.20,28.5
15:56:41,-3.32,0.67,-5.59,28.5
15:56:41,2.72,3.47,-5.80,28.5
15:56:41,2.62,4.07,-9.85,28.5
15:56:41,-1.36,-4.40,-12.92,28.5
15:56:41,-5.06,-2.43,-9.81,28.5
15:56:41,-4.24,2.01,-3.71,28.5
15:56:41,4.81,4.01,-9.04,28.5
15:56:41,1.30,0.62,-13.07,28.5
15:56:41,-4.19,-4.73,-12.72,28.5
15:56:41,-3.30,-1.90,-9.87,28.5
15:56:41,-1.37,2.60,-4.28,28.5
15:56:41,3.91,3.69,-10.09,28.5
15:56:41,1.44,-2.61,-14.48,28.5
15:56:41,-5.49,-3.09,-11.16,28.5
15:56:41,-3.31,0.84,-5.45,28.5
15:56:41,2.91,3.60,-5.77,28.5
15:56:41,2.48,3.86,-9.98,28.5
15:56:41,-1.46,-4.61,-12.92,28.5
15:56:41,-5.10,-2.33,-9.81,28.5
15:56:41,-4.22,2.14,-3.59,28.5
15:56:41,4.85,4.06,-9.00,28.5
15:56:41,1.35,0.59,-13.17,28.5
15:56:41,-4.23,-4.63,-12.53,28.5
15:56:41,-3.24,-1.84,-9.79,28.5
15:56:41,-1.26,2.57,-4.25,28.5
15:56:41,3.83,3.69,-10.06,28.5
15:56:41,0.59,-3.43,-13.64,28.5
15:56:41,-5.75,-3.00,-10.85,28.5
15:56:41,-4.02,1.37,-4.68,28.5
15:56:41,4.12,3.82,-7.61,28.5
15:56:41,1.68,2.66,-11.46,28.5
15:56:41,-3.18,-5.21,-13.02,28.5
15:56:41,-4.08,-2.34,-10.14,28.5
15:56:41,-3.29,2.44,-3.49,28.5
15:56:41,4.52,3.99,-9.69,28.5
15:56:41,1.39,-1.16,-14.34,28.5
15:56:41,-4.67,-3.49,-11.45,28.5
15:56:41,-3.11,-0.36,-7.45,28.5
15:56:41,0.74,3.09,-4.53,28.5
15:56:41,3.29,4.23,-9.56,28.5
15:56:41,0.38,-3.57,-13.65,28.5
15:56:41,-5.76,-2.88,-10.82,28.5
15:56:41,-3.96,1.49,-4.57,28.5
15:56:41,4.11,3.78,-7.66,28.5
15:56:41,1.60,2.55,-11.59,28.5
15:56:41,-3.21,-5.23,-13.17,28.5
15:56:41,-4.09,-2.27,-10.19,28.5
15:56:41,-3.19,2.35,-3.48,28.5
15:56:41,4.51,4.03,-9.63,28.5
15:56:41,1.48,-1.37,-14.31,28.5
15:56:41,-4.69,-3.52,-11.34,28.5
15:56:41,-2.98,-0.32,-7.31,28.5
15:56:41,0.92,3.17,-4.63,28.5
15:56:41,3.38,4.31,-9.41,28.5
15:56:41,0.35,-3.65,-13.59,28.5
15:56:41,-5.28,-2.36,-9.79,28.5
15:56:41,-4.23,1.95,-3.73,28.5
15:56:41,4.74,4.03,-8.88,28.5
15:56:41,1.25,0.86,-12.99,28.5
15:56:41,-4.12,-4.70,-12.62,28.5
15:56:41,-3.29,-1.89,-9.92,28.5
15:56:41,-1.43,2.52,-4.21,28.5
15:56:41,3.80,3.79,-10.06,28.5
15:56:41,1.59,-2.59,-14.59,28.5
15:56:41,-5.47,-3.14,-11.18,28.5
15:56:41,-3.44,0.81,-5.46,28.5
15:56:41,2.84,3.67,-5.83,28.5
15:56:41,2.51,3.97,-10.04,28.5
15:56:41,-1.56,-4.51,-12.98,28.5
15:56:41,-5.08,-2.36,-9.87,28.5
15:56:41,-4.34,1.95,-3.52,28.5
15:56:41,4.71,3.94,-8.94,28.5
15:56:41,1.29,0.54,-13.19,28.5
15:56:41,-4.21,-4.55,-12.58,28.5
15:56:41,-3.25,-1.87,-9.71,28.5
15:56:41,-1.12,2.57,-4.23,28.5
15:56:41,3.80,3.83,-10.00,28.5
15:56:41,1.39,-2.72,-14.55,28.5
15:56:41,-5.43,-3.15,-11.17,28.5
15:56:41,-3.58,0.82,-5.35,28.5
15:56:41,2.96,3.61,-6.09,28.5
15:56:41,2.42,3.85,-10.12,28.5
15:56:41,-1.57,-4.61,-12.94,28.5
15:56:41,-5.00,-2.28,-9.78,28.5
15:56:41,-3.32,2.33,-3.50,28.5
15:56:42,4.65,3.99,-9.67,28.5
15:56:42,1.45,-1.19,-14.26,28.5
15:56:42,-4.60,-3.31,-11.46,28.5
15:56:42,-3.00,-0.39,-7.59,28.5
15:56:42,0.95,3.16,-4.62,28.5
15:56:42,3.41,4.28,-9.51,28.5
15:56:42,0.52,-3.74,-13.77,28.5
15:56:42,-5.65,-3.00,-10.86,28.5
15:56:42,-4.18,1.43,-4.46,28.5
15:56:42,4.20,3.72,-7.84,28.5
15:56:42,1.58,2.47,-11.42,28.5
15:56:42,-3.19,-5.20,-13.02,28.5
15:56:42,-4.01,-2.22,-10.19,28.5
15:56:42,-3.26,2.28,-3.43,28.5
15:56:42,4.42,4.03,-9.75,28.5
15:56:42,1.41,-1.20,-14.19,28.5
15:56:42,-4.68,-3.40,-11.43,28.5
15:56:42,-3.01,-0.31,-7.37,28.5
15:56:42,0.97,3.19,-4.68,28.5
15:56:42,3.33,4.32,-9.34,28.5
15:56:42,0.30,-3.70,-13.74,28.5
15:56:42,-5.67,-2.90,-10.83,28.5
15:56:42,-3.99,1.55,-4.56,28.5
15:56:42,4.46,3.82,-7.86,28.5
15:56:42,1.66,2.35,-11.71,28.5
15:56:42,-3.29,-5.27,-13.33,28.5
15:56:42,-3.98,-2.34,-10.14,28.5
15:56:42,-3.21,2.39,-3.37,28.5
15:56:42,3.76,3.88,-10.13,28.5
15:56:42,1.50,-2.68,-14.70,28.5
15:56:42,-5.33,-3.11,-11.19,28.5
15:56:42,-3.44,0.80,-5.45,28.5
15:56:42,2.81,3.60,-5.98,28.5
15:56:42,2.44,3.98,-9.81,28.5
15:56:42,-1.39,-4.33,-12.66,28.5
15:56:42,-5.12,-2.40,-9.73,28.5
15:56:42,-4.13,1.96,-3.66,28.5
15:56:42,4.90,4.06,-9.01,28.5
15:56:42,1.16,0.49,-13.22,28.5
15:56:42,-4.15,-4.64,-12.77,28.5
15:56:42,-3.24,-1.76,-9.82,28.5
15:56:42,-1.35,2.53,-4.24,28.5
15:56:42,3.82,3.83,-10.12,28.5
15:56:42,1.48,-2.81,-14.59,28.5
15:56:42,-5.41,-3.17,-11.28,28.5
15:56:42,-3.41,0.83,-5.46,28.5
15:56:42,2.96,3.49,-5.92,28.5
15:56:42,2.45,3.98,-9.96,28.5
15:56:42,-1.66,-4.54,-12.79,28.5
15:56:42,-5.11,-2.35,-9.71,28.5
15:56:42,-4.20,1.99,-3.61,28.5
15:56:42,4.71,3.98,-9.00,28.5
15:56:42,1.30,0.42,-13.20,28.5
15:56:42,-4.19,-4.66,-12.73,28.5
15:56:42,-3.14,-1.89,-9.71,28.5
15:56:42,-1.17,3.09,-4.34,28.5
15:56:42,3.58,4.23,-9.45,28.5
15:56:42,0.52,-3.56,-13.87,28.5
15:56:42,-5.80,-3.04,-10.95,28.5
15:56:42,-4.03,1.37,-4.52,28.5
15:56:42,4.10,3.74,-7.57,28.5
15:56:42,1.65,2.60,-11.42,28.5
15:56:42,-3.09,-5.26,-13.04,28.5
15:56:42,-4.13,-2.27,-10.17,28.5
15:56:42,-3.37,2.33,-3.37,28.5
15:56:42,4.47,4.00,-9.63,28.5
15:56:42,1.44,-1.17,-14.18,28.5
15:56:42,-4.57,-3.49,-11.48,28.5
15:56:42,-3.03,-0.47,-7.64,28.5
15:56:42,0.78,3.13,-4.57,28.5
15:56:42,3.34,4.09,-9.48,28.5
15:56:42,0.50,-3.61,-13.82,28.5
15:56:42,-5.77,-3.02,-10.82,28.5
15:56:42,-3.96,1.46,-4.52,28.5
15:56:42,4.20,3.89,-7.74,28.5
15:56:42,1.63,2.56,-11.43,28.5
15:56:42,-3.23,-5.21,-13.07,28.5
15:56:42,-4.10,-2.24,-10.13,28.5
15:56:42,-3.43,2.33,-3.34,28.5
15:56:42,4.60,4.01,-9.65,28.5
15:56:42,1.44,-1.28,-14.30,28.5
15:56:42,-4.63,-3.44,-11.34,28.5
15:56:42,-3.13,-0.43,-7.45,28.5
15:56:42,0.93,3.10,-4.54,28.5
15:56:42,2.79,4.09,-9.78,28.5
15:56:42,-1.31,-4.45,-12.98,28.5
15:56:42,-5.28,-2.39,-9.83,28.5
15:56:42,-4.27,1.99,-3.66,28.5
15:56:42,4.80,4.05,-8.91,28.5
15:56:42,1.21,0.81,-12.93,28.5
15:56:42,-4.16,-4.74,-12.68,28.5
15:56:42,-3.35,-1.96,-9.94,28.5
15:56:42,-1.58,2.33,-4.15,28.5
15:56:42,3.90,3.79,-9.98,28.5
15:56:42,1.49,-2.58,-14.61,28.5
15:56:42,-5.22,-3.04,-11.14,28.5
15:56:42,-3.20,0.79,-5.52,28.5
15:56:42,2.78,3.56,-5.92,28.5
15:56:42,2.50,4.07,-9.95,28.5
15:56:42,-1.44,-4.53,-12.92,28.5
15:56:42,-5.28,-2.40,-9.85,28.5
15:56:42,-4.27,1.98,-3.55,28.5
15:56:42,4.88,4.02,-8.89,28.5
15:56:42,1.31,0.65,-13.13,28.5
15:56:42,-4.11,-4.59,-12.66,28.5
15:56:42,-3.29,-1.85,-9.87,28.5
15:56:42,-1.30,2.50,-4.20,28.5
15:56:42,3.78,3.84,-9.99,28.5
15:56:42,1.47,-2.73,-14.57,28.5
15:56:42,-5.37,-3.06,-11.28,28.5
15:56:42,-3.33,0.89,-5.49,28.5
15:56:42,2.94,3.51,-5.90,28.5
15:56:42,2.52,4.01,-10.04,28.5
15:56:42,-1.50,-4.51,-13.09,28.5
15:56:42,-3.90,-2.37,-10.39,28.5
15:56:42,-3.56,2.34,-3.25,28.5
15:56:42,4.63,3.97,-9.65,28.5
15:56:42,1.26,-1.09,-14.10,28.5
15:56:42,-4.64,-3.54,-11.36,28.5
15:56:42,-3.09,-0.55,-7.82,28.5
15:56:42,0.78,3.10,-4.53,28.5
15:56:42,3.32,4.28,-9.43,28.5
15:56:42,0.48,-3.64,-14.04,28.5
15:56:42,-5.73,-3.13,-10.82,28.5
15:56:42,-3.93,1.50,-4.67,28.5
15:56:42,4.32,3.72,-7.64,28.5
15:56:42,1.66,2.66,-11.45,28.5
15:56:42,-3.13,-5.18,-13.17,28.5
15:56:42,-4.07,-2.24,-10.10,28.5
15:56:42,-3.20,2.41,-3.33,28.5
15:56:42,4.66,4.10,-9.75,28.5
15:56:42,1.46,-1.29,-14.18,28.5
15:56:42,-4.63,-3.49,-11.26,28.5
15:56:42,-3.07,-0.38,-7.64,28.5
15:56:42,0.97,3.16,-4.62,28.5
15:56:42,3.34,4.16,-9.36,28.5
15:56:42,0.34,-3.60,-13.85,28.5
15:56:42,-5.66,-2.91,-10.75,28.5
15:56:42,-4.03,1.42,-4.51,28.5
15:56:42,4.36,3.79,-7.76,28.5
15:56:42,1.52,2.36,-11.55,28.5
15:56:42,-3.31,-5.18,-13.11,28.5
15:56:42,-4.06,-2.30,-10.16,28.5
15:56:42,-1.41,2.32,-4.13,28.5
15:56:42,3.90,3.80,-10.06,28.5
15:56:42,1.49,-2.49,-14.63,28.5
15:56:42,-5.40,-3.08,-11.11,28.5
15:56:42,-3.27,0.77,-5.59,28.5
15:56:42,2.88,3.53,-5.81,28.5
15:56:42,2.58,4.13,-9.83,28.5
15:56:42,-1.50,-4.57,-12.91,28.5
15:56:42,-5.18,-2.36,-9.75,28.5
15:56:42,-4.25,2.04,-3.68,28.5
15:56:42,4.93,4.09,-9.09,28.5
15:56:42,1.24,0.45,-13.01,28.5
15:56:42,-4.27,-4.65,-12.70,28.5
15:56:42,-3.36,-1.91,-9.94,28.5
15:56:42,-1.32,2.37,-4.16,28.5
15:56:42,3.79,3.86,-10.02,28.5
15:56:42,1.51,-2.74,-14.63,28.5
15:56:42,-5.44,-3.08,-11.08,28.5
15:56:42,-3.41,0.98,-5.48,28.5
15:56:42,3.08,3.64,-6.11,28.5
15:56:42,2.35,3.85,-9.88,28.5
15:56:42,-1.74,-4.47,-12.97,28.5
15:56:42,-5.04,-2.35,-9.84,28.5
15:56:42,-4.22,2.04,-3.42,28.5
15:56:42,4.86,4.08,-9.02,28.5
15:56:42,1.25,0.25,-13.12,28.5
15:56:42,-4.25,-4.42,-12.62,28.5
15:56:42,-3.21,-1.72,-9.71,28.5
15:56:42,-1.04,2.57,-4.26,28.5
15:56:42,3.54,3.69,-9.99,28.5
15:56:42,1.50,-2.93,-14.83,28.5
15:56:42,-5.59,-2.50,-10.84,28.5
15:56:42,-4.03,1.53,-4.57,28.5
15:56:42,4.54,3.84,-7.91,28.5
15:56:42,1.58,2.45,-11.60,28.5
15:56:42,-3.36,-5.24,-13.39,28.5
15:56:42,-4.04,-2.42,-10.26,28.5
15:56:42,-3.13,2.42,-3.33,28.5
15:56:42,4.37,4.04,-9.76,28.5
15:56:42,1.60,-1.33,-14.01,28.5
15:56:42,-4.77,-3.23,-11.11,28.5
15:56:42,-2.96,-0.22,-7.26,28.5
15:56:42,1.21,3.25,-4.63,28.5
15:56:42,3.18,4.20,-9.43,28.5
15:56:42,0.22,-3.90,-13.84,28.5
15:56:42,-5.71,-2.98,-10.63,28.5
15:56:42,-4.08,1.61,-4.41,28.5
15:56:42,4.67,3.96,-7.97,28.5
15:56:42,1.60,2.06,-11.85,28.5
15:56:42,-3.46,-5.30,-13.51,28.5
15:56:42,-4.05,-2.24,-10.30,28.5
15:56:42,-2.98,2.39,-3.44,28.5
15:56:42,4.34,4.06,-9.82,28.5
15:56:42,1.69,-1.43,-14.07,28.5
15:56:42,-4.79,-3.26,-11.18,28.5
15:56:42,-3.07,-0.14,-7.14,28.5
15:56:42,1.30,3.29,-4.70,28.5
15:56:42,3.10,4.36,-9.19,28.5
15:56:42,0.13,-3.94,-13.70,28.5
15:56:42,-5.72,-2.91,-10.59,28.5
15:56:42,-4.06,2.15,-3.20,28.5
15:56:42,4.87,4.05,-8.97,28.5
15:56:42,1.20,0.36,-13.06,28.5
15:56:42,-4.33,-4.50,-12.63,28.5
15:56:42,-3.25,-1.92,-9.71,28.5
15:56:42,-1.23,2.47,-4.22,28.5
15:56:42,3.66,3.82,-10.13,28.5
15:56:42,1.37,-2.93,-14.78,28.5
15:56:42,-5.50,-3.17,-11.23,28.5
15:56:42,-3.37,0.94,-5.24,28.5
15:56:42,3.14,3.58,-6.12,28.5
15:56:42,2.35,3.88,-9.98,28.5
15:56:42,-1.66,-4.34,-12.66,28.5
15:56:42,-5.05,-2.24,-9.78,28.5
15:56:42,-4.17,1.97,-3.49,28.5
15:56:42,4.90,4.13,-9.00,28.5
15:56:42,1.27,0.20,-13.27,28.5
15:56:42,-4.41,-4.45,-12.60,28.5
15:56:42,-3.08,-1.79,-9.60,28.5
15:56:42,-1.03,2.55,-4.29,28.5
15:56:42,3.63,3.72,-10.03,28.5
15:56:42,1.39,-3.04,-14.75,28.5
15:56:42,-5.54,-3.25,-11.27,28.5
15:56:42,-3.49,0.98,-5.16,28.5
15:56:42,3.27,3.57,-6.24,28.5
15:56:42,2.23,3.91,-10.15,28.5
15:56:42,-1.87,-4.54,-12.84,28.5
15:56:42,-4.79,-2.26,-9.73,28.5
15:56:42,-4.20,2.08,-3.48,28.5
15:56:42,4.90,4.16,-9.09,28.5
15:56:42,1.82,-1.19,-14.12,28.5
15:56:42,-4.72,-3.19,-11.03,28.5
15:56:43,-3.04,-0.28,-7.21,28.5
15:56:43,1.16,3.18,-4.66,28.5
15:56:43,3.23,4.28,-9.32,28.5
15:56:43,0.21,-3.85,-13.81,28.5
15:56:43,-5.65,-2.96,-10.69,28.5
15:56:43,-4.08,1.57,-4.51,28.5
15:56:43,4.52,3.90,-8.07,28.5
15:56:43,1.51,2.13,-11.92,28.5
15:56:43,-3.39,-5.16,-13.34,28.5
15:56:43,-3.85,-2.26,-10.22,28.5
15:56:43,-2.99,2.39,-3.48,28.5
15:56:43,4.37,3.98,-9.82,28.5
15:56:43,1.52,-1.45,-13.99,28.5
15:56:43,-4.78,-3.17,-11.15,28.5
15:56:43,-3.17,-0.16,-7.07,28.5
15:56:43,1.23,3.20,-4.70,28.5
15:56:43,3.20,4.31,-9.40,28.5
15:56:43,0.03,-3.90,-13.72,28.5
15:56:43,-5.70,-2.91,-10.61,28.5
15:56:43,-4.09,1.54,-4.29,28.5
15:56:43,4.47,3.81,-8.17,28.5
15:56:43,1.54,2.09,-12.02,28.5
15:56:43,-3.49,-5.28,-13.25,28.5
15:56:43,-3.77,-2.23,-10.26,28.5
15:56:43,-2.91,2.27,-3.64,28.5
15:56:43,4.27,3.97,-9.86,28.5
15:56:43,1.49,-1.61,-14.13,28.5
15:56:43,-4.88,-3.14,-11.20,28.5
15:56:43,-3.14,1.22,-5.39,28.5
15:56:43,3.11,3.64,-6.02,28.5
15:56:43,2.26,3.92,-10.01,28.5
15:56:43,-1.79,-4.60,-12.67,28.5
